[[-0.17871769 -0.9820832  -0.05977524]
 [-0.93300986  0.18844664 -0.3065626 ]
 [-0.31233436 -0.00098261  0.9499718 ]]

 [[-0.03337819 -0.9982207  -0.04941126]
 [-0.9988667   0.03163971  0.0355578 ]
 [ 0.03393117 -0.05054207  0.9981454 ]]

 [[ 0.01512425 -0.9994191  -0.0305422 ]
 [-0.06545366  0.02949066 -0.9974198 ]
 [-0.997741   -0.01708433  0.06496961]]

 [[-0.05356404  0.99591637  0.07267443]
 [ 0.02090922 -0.07164435  0.9972111 ]
 [-0.9983455  -0.0549342   0.01698628]]

[[-0.02652391 -0.998197   -0.05384593]
 [-0.9982188   0.02356802  0.05480733]
 [ 0.05343948 -0.05520384  0.997044  ]]

 [[-0.17788483 -0.9823752  -0.0574118 ]
 [ 0.9310366  -0.1869059   0.313428  ]
 [-0.31863448  0.00230163  0.9478749 ]]

 [[-0.9358595  -0.3366988  -0.10392728]
 [ 0.35188535 -0.9085088  -0.22536239]
 [-0.01853961 -0.24747805  0.96871614]]


